5 918
10 944
15 968
20 992
25 1015
30 1039
35 1063
40 1086
45 1110
50 1134
55 1157
60 1181
65 1204
70 1228
75 1252
80 1275
85 1299
90 1322
95 1346
100 1370
105 1393
110 1417
115 1440
120 1464
125 1487
130 1511
135 1535
140 1558
145 1582
150 1605
155 1629
160 1653
165 1676
170 1700
175 1723
180 1747
185 1771
190 1794
195 1817
200 1841
205 1864
210 1888
215 1911
220 1935
225 1959
230 1982
235 2006
240 2029
245 2053
250 2077
255 2100
260 2124
265 2147
270 2178
275 2201
280 2225
285 2248
290 2272
295 2295
300 2319
305 2343
310 2366
315 2390
320 2413
325 2437
330 2460
335 2484
340 2508
345 2531
350 2555
355 2579
360 2625
365 2649
370 2673
375 2696
380 2720
385 2744
390 2767
395 2791
400 2814
405 2838
410 2868
415 2892
420 2915
425 2939
430 2962
435 2986
440 3010
445 3033
450 3057
455 3080
460 3104
465 3128
470 3151
475 3175
480 3199
485 3222
490 3246
495 3270
500 3293
505 3317
510 3340
515 3364
520 3387
525 3411
530 3435
535 3458
540 3482
545 3506
550 3529
555 3553
560 3577
565 3600
570 3624
575 3647
580 3671
585 3695
590 3718
595 3742
600 3765
605 3789
610 3813
615 3836
620 3860
625 3883
630 5178
635 5210
640 5235
645 5259
650 5284
655 5309
660 5334
665 5358
670 5383
675 5407
680 5431
685 5457
690 5481
695 5505
700 5530
705 5554
710 5579
715 5604
720 5629
725 5653
730 5779
735 5803
740 5827
745 5850
750 5874
755 5897
760 5939
765 5975
770 5998
775 6021
780 6043
785 6066
790 6089
795 6111
800 6134
805 6157
810 6179
815 6202
820 6225
825 6247
830 6270
835 6293
840 6315
845 6338
850 6361
855 6383
860 6406
865 6429
870 6451
875 6474
880 6496
885 6519
890 6542
895 6564
900 6587
905 6610
910 6632
915 6655
920 6678
925 6700
930 6723
935 6745
940 6768
945 6791
950 6814
955 6836
960 6859
965 6882
970 6904
975 6927
980 6949
985 6972
990 6995
995 7017
1000 7040
1005 7063
1010 7085
1015 7108
1020 7131
1025 7153
1030 7176
1035 7199
1040 7222
1045 7244
1050 7267
1055 7290
1060 7312
1065 7335
1070 7358
1075 7380
1080 7403
1085 7425
1090 7448
1095 7471
1100 7493
1105 7516
1110 7539
1115 7561
1120 7584
1125 7607
1130 7630
1135 7652
1140 7675
1145 7697
1150 7720
1155 7743
1160 7766
1165 7788
1170 7811
1175 7833
1180 7856
1185 7879
1190 7901
1195 7924
1200 7947
1205 7969
1210 7992
1215 8014
1220 8037
1225 8066
1230 8089
1235 8111
1240 8134
1245 8157
1250 8179
1255 8202
1260 8225
1265 8247
1270 8270
1275 8292
1280 8315
1285 8338
1290 8360
1295 8383
1300 8406
1305 8428
1310 8451
1315 8474
1320 8496
1325 8519
1330 8541
1335 8564
1340 8587
1345 8609
1350 8632
1355 8655
1360 8677
1365 8700
1370 8723
1375 8745
1380 8768
1385 8790
1390 8813
1395 8836
1400 8858
1405 8881
1410 8910
1415 8932
1420 8955
1425 8978
1430 9000
1435 9023
1440 9046
1445 9068
1450 9091
1455 9114
1460 9136
1465 9159
1470 9181
1475 9204
1480 9227
1485 9249
1490 9284
1495 9307
1500 9329
1505 9352
1510 9375
1515 9397
1520 9420
1525 9443
1530 9471
1535 9494
1540 9516
1545 9539
1550 9562
1555 9584
1560 9607
1565 9629
1570 9652
1575 9675
1580 9697
1585 9720
1590 9749
1595 9771
1600 9794
1605 9823
1610 9845
1615 9868
1620 9891
1625 9913
1630 9936
1635 9958
1640 9981
1645 10004
1650 10026
1655 10049
1660 10071
1665 10094
1670 10117
1675 10139
1680 10162
1685 10185
1690 10207
1695 10230
1700 10253
1705 10275
1710 10298
1715 10320
1720 10343
1725 10366
1730 10388
1735 10411
1740 10434
1745 10456
1750 10479
1755 10501
1760 10524
1765 10547
1770 10569
1775 10591
1780 10614
1785 10637
1790 10659
1795 10682
1800 10704
1805 10727
1810 10749
1815 10772
1820 10795
1825 10817
1830 10840
1835 10863
1840 10885
1845 10908
1850 10931
1855 10953
1860 10976
1865 10999
1870 11021
1875 11044
1880 11067
1885 11089
1890 11112
1895 11135
1900 11157
1905 11180
1910 11202
1915 11225
1920 11248
1925 11270
1930 11293
1935 11315
1940 11338
1945 11361
1950 11383
1955 11406
1960 11429
1965 11451
1970 11474
1975 11496
1980 11519
1985 11542
1990 11564
1995 11587
2000 11609
2005 11632
2010 11655
2015 11677
2020 11700
2025 11723
2030 11745
2035 11768
2040 11791
2045 11813
2050 11836
2055 11889
2060 11912
2065 11935
2070 11957
2075 11980
2080 12003
2085 12025
2090 12048
2095 12071
2100 12093
2105 12116
2110 12138
2115 12161
2120 12184
2125 12206
2130 12229
2135 12252
2140 12274
2145 12297
2150 12320
2155 12342
2160 12365
2165 12388
2170 12410
2175 12433
2180 12456
2185 12478
2190 12501
2195 12523
2200 12546
2205 12568
2210 12599
2215 12622
2220 12645
2225 12667
2230 12690
2235 12713
2240 12735
2245 12758
2250 12781
2255 12803
2260 12826
2265 12849
2270 12871
2275 12894
2280 12917
2285 12939
2290 12962
2295 12985
2300 13008
2305 13030
2310 13053
2315 13076
2320 13098
2325 13121
2330 13144
2335 13166
2340 13189
2345 13212
2350 13234
2355 13257
2360 13280
2365 13302
2370 13325
2375 13348
2380 13371
2385 13393
2390 13416
2395 13439
2400 13461
2405 13484
2410 13507
2415 13530
2420 13552
2425 13575
2430 13598
2435 13620
2440 13643
2445 13666
2450 13689
2455 13711
2460 13734
2465 13757
2470 13780
2475 13802
2480 13825
2485 13847
2490 13870
2495 13893
2500 13915
2505 13938
2510 13961
2515 13983
2520 14006
2525 14029
2530 14052
2535 14074
2540 14097
2545 14126
2550 14148
2555 14171
2560 14194
2565 14216
2570 14239
2575 14262
2580 14285
2585 14307
2590 14330
2595 14352
2600 14375
2605 14398
2610 14420
2615 14443
2620 14466
2625 14489
2630 14512
2635 14534
2640 14557
2645 14579
2650 14602
2655 14624
2660 14647
2665 14670
2670 14693
2675 14715
2680 14738
2685 14761
2690 14783
2695 14806
2700 14829
2705 14851
2710 14874
2715 14897
2720 14919
2725 14948
2730 14971
2735 14994
2740 15016
2745 15039
2750 15062
2755 15084
2760 15107
2765 15130
2770 15152
2775 15175
2780 15198
2785 16148
2790 16170
2795 16192
2800 16214
2805 16236
2810 16259
2815 16281
2820 16303
2825 16325
2830 16348
2835 16370
2840 16394
2845 16416
2850 16438
2855 16460
2860 16482
2865 16505
2870 16527
2875 16550
2880 16572
2885 16595
2890 16617
2895 16640
2900 16662
2905 16691
2910 16714
2915 16736
2920 16758
2925 16781
2930 16803
2935 16826
2940 16848
2945 16870
2950 16892
2955 16914
2960 16936
2965 16958
2970 16980
2975 17002
2980 17024
2985 17046
2990 17068
2995 17090
3000 17112
3005 17134
3010 17157
3015 17179
3020 17202
3025 17225
3030 17247
3035 17270
3040 17293
3045 17316
3050 17338
3055 17362
3060 17387
3065 17411
3070 17436
3075 17460
3080 17483
3085 17506
3090 17531
3095 17555
3100 17579
3105 17602
3110 17627
3115 17649
3120 17672
3125 17695
3130 17717
3135 17738
3140 17760
3145 17782
3150 17804
3155 17826
3160 17848
3165 17870
3170 17892
3175 17914
3180 17936
3185 17957
3190 18411
3195 18434
3200 18456
3205 18478
3210 18501
3215 18522
3220 18544
3225 18566
3230 18588
3235 18610
3240 18632
3245 18654
3250 18676
3255 18698
3260 18720
3265 18742
3270 18764
3275 18786
3280 18808
3285 18829
3290 18851
3295 18873
3300 18895
3305 18917
3310 18939
3315 18961
3320 18983
3325 19005
3330 19027
3335 19049
3340 19071
3345 19093
3350 19114
3355 19136
3360 19158
3365 19180
3370 19202
3375 19224
3380 19246
3385 19283
3390 19306
3395 19327
3400 19349
3405 19371
3410 19393
3415 19415
3420 19436
3425 19458
3430 19480
3435 19502
3440 19523
3445 19545
3450 19567
3455 19589
3460 19617
3465 19638
3470 19660
3475 19682
3480 19703
3485 19725
3490 19747
3495 19769
3500 19797
3505 19818
3510 19840
3515 19862
3520 19883
3525 19905
3530 19933
3535 19955
3540 19977
3545 19998
3550 20020
3555 20042
3560 20064
3565 20086
3570 20107
3575 20135
3580 20157
3585 20178
3590 20200
3595 20222
3600 20244
3605 20265
3610 20287
3615 20309
3620 20331
3625 20353
3630 20374
3635 20396
3640 20418
3645 20446
3650 20474
3655 20495
3660 20517
3665 20539
3670 20561
3675 20583
3680 20604
3685 20626
3690 20648
3695 20670
3700 20692
3705 20713
3710 20735
3715 20763
3720 20785
3725 20807
3730 20828
3735 20850
3740 20872
3745 20894
3750 20915
3755 20937
3760 20959
3765 20981
3770 21003
3775 21024
3780 21046
3785 21068
3790 21090
3795 21111
3800 21133
3805 21155
3810 21177
3815 21199
3820 21220
3825 21242
3830 21264
3835 21286
3840 21307
3845 21329
3850 21351
3855 22019
3860 22042
3865 22064
3870 22087
3875 22111
3880 22135
3885 22165
3890 22187
3895 22210
3900 22233
3905 22256
3910 22279
3915 22302
3920 22395
3925 22424
3930 22446
3935 22469
3940 22492
3945 22515
3950 22632
3955 22654
3960 22676
3965 22698
3970 22726
3975 22748
3980 22770
3985 22792
3990 22814
3995 22835
4000 22857
4005 22879
4010 22901
4015 22923
4020 22944
4025 22966
4030 22988
4035 23010
4040 23032
4045 23054
4050 23076
4055 23103
4060 23125
4065 23147
4070 23169
4075 23191
4080 23212
4085 23234
4090 23256
4095 23278
4100 23300
4105 23322
4110 23343
4115 23365
4120 23387
4125 23409
4130 23431
4135 23453
4140 23475
4145 23496
4150 23518
4155 23540
4160 23568
4165 23590
4170 23611
4175 23633
4180 23655
4185 23677
4190 23699
4195 23721
4200 23742
4205 23764
4210 23786
4215 23808
4220 23830
4225 23851
4230 23873
4235 23895
4240 23917
4245 23939
4250 23967
4255 23989
4260 24010
4265 24032
4270 24054
4275 24076
4280 24098
4285 24119
4290 24141
4295 24163
4300 24185
4305 24207
4310 24229
4315 24250
4320 24273
4325 24294
4330 24316
4335 24413
4340 24436
4345 24457
4350 24479
4355 24501
4360 24523
4365 24545
4370 24566
4375 24588
4380 24610
4385 24632
4390 24654
4395 24676
4400 24697
4405 24719
4410 24741
4415 24763
4420 24785
4425 24806
4430 24828
4435 24850
4440 24871
4445 24899
4450 24921
4455 24943
4460 24965
4465 24987
4470 25009
4475 25030
4480 25052
4485 25074
4490 25096
4495 25118
4500 25140
4505 25162
4510 25183
4515 25205
4520 25227
4525 25249
4530 25270
4535 25292
4540 25314
4545 25336
4550 25358
4555 25380
4560 25401
4565 25423
4570 25445
4575 25467
4580 25489
4585 25510
4590 25532
4595 25554
4600 25576
4605 25604
4610 25625
4615 25647
4620 25669
4625 25690
4630 25712
4635 25734
4640 25756
4645 25778
4650 25799
4655 25821
4660 25843
4665 25865
4670 25887
4675 25908
4680 25941
4685 25975
4690 25996
4695 26017
4700 26038
4705 26059
4710 26080
4715 26101
4720 26122
4725 26143
4730 26165
4735 26186
4740 26207
4745 26228
4750 26249
4755 26270
4760 26291
4765 26312
4770 26333
4775 26354
4780 26375
4785 26396
4790 26418
4795 26439
4800 26460
4805 26487
4810 26508
4815 26529
4820 26550
4825 26571
4830 26592
4835 26613
4840 26634
4845 26655
4850 26677
4855 26697
4860 26719
4865 26740
4870 26761
4875 26782
4880 26803
4885 26824
4890 26845
4895 26866
4900 26888
4905 26909
4910 26930
4915 26951
4920 26972
4925 26993
4930 27014
4935 27035
4940 27056
4945 27077
4950 27099
4955 27120
4960 27141
4965 27162
4970 27183
4975 27204
4980 27226
4985 27247
4990 27268
4995 27289
5000 27310
5005 27331
5010 27352
5015 27373
5020 27394
5025 27415
5030 27436
5035 27457
5040 27478
5045 27499
5050 27521
5055 27542
5060 27563
5065 27584
5070 27605
5075 27626
5080 27647
5085 27668
5090 27689
5095 27711
5100 27732
5105 27753
5110 27774
5115 27795
5120 27816
5125 27837
5130 27858
5135 27879
5140 27900
5145 27927
5150 27948
5155 27969
5160 27991
5165 28012
5170 28033
5175 28054
5180 28075
5185 28096
5190 28117
5195 28139
5200 28160
5205 28186
5210 28208
5215 28229
5220 28250
5225 28271
5230 28292
5235 28313
5240 28334
5245 28355
5250 28376
5255 28397
5260 28418
5265 28440
5270 28461
5275 28482
5280 28503
5285 28524
5290 28545
5295 28566
5300 28587
5305 28608
5310 28629
5315 28650
5320 28671
5325 28692
5330 28713
5335 28734
5340 28755
5345 28777
5350 28798
5355 28819
5360 28840
5365 28861
5370 28882
5375 28903
5380 28924
5385 28945
5390 28966
5395 28987
5400 29009
5405 29030
5410 29051
5415 29072
5420 29093
5425 29114
5430 29135
5435 29156
5440 29177
5445 29198
5450 29219
5455 29241
5460 29267
5465 29288
5470 29309
5475 29330
5480 29351
5485 29373
5490 29394
5495 29415
5500 29436
5505 29457
5510 29478
5515 29499
5520 29520
5525 29541
5530 29562
5535 29583
5540 29605
5545 29626
5550 29647
5555 29668
5560 29689
5565 29710
5570 29731
5575 29752
5580 29773
5585 29794
5590 29815
5595 29836
5600 29857
5605 29878
5610 29899
5615 29920
5620 29942
5625 29963
5630 29984
5635 30005
5640 30026
5645 30047
5650 30068
5655 30089
5660 30110
5665 30132
5670 30153
5675 30174
5680 30195
5685 30216
5690 30237
5695 30258
5700 30279
5705 30300
5710 30321
5715 30343
5720 30364
5725 30385
5730 30406
5735 30427
5740 30448
5745 30469
5750 30490
5755 30511
5760 30532
5765 30553
5770 30574
5775 30595
5780 30625
5785 30647
5790 30668
5795 30688
5800 30710
5805 30736
5810 30758
5815 30779
5820 30799
5825 30821
5830 30842
5835 30863
5840 30884
5845 30905
5850 30926
5855 30947
5860 30968
5865 30989
5870 31010
5875 31031
5880 31052
5885 31073
5890 31095
5895 31116
5900 31137
5905 31158
5910 31179
5915 31200
5920 31221
5925 31242
5930 31263
5935 31284
5940 31305
5945 31326
5950 31347
5955 31368
5960 31389
5965 31410
5970 31431
5975 31452
5980 31473
5985 31494
5990 31515
5995 31536
6000 31557
6005 31578
6010 31599
6015 31626
6020 31647
6025 31668
6030 31689
6035 31710
6040 31731
6045 31752
6050 31779
6055 31800
6060 31822
6065 31842
6070 31863
6075 31884
6080 31906
6085 31927
6090 31948
6095 31969
6100 31990
6105 32011
6110 32032
6115 32053
6120 32074
6125 32095
6130 32116
6135 32137
6140 32158
6145 32179
6150 32200
6155 32221
6160 32242
6165 32263
6170 32284
6175 32305
6180 32326
6185 32347
6190 32368
6195 32389
6200 32410
6205 32431
6210 32452
6215 32473
6220 32494
6225 32515
6230 32536
6235 32557
6240 32578
6245 32606
6250 32627
6255 32648
6260 32669
6265 32690
6270 32711
6275 32733
6280 32754
6285 32775
6290 32796
6295 32817
6300 32838
6305 32859
6310 32880
6315 32901
6320 32922
6325 32943
6330 32964
6335 32985
6340 33006
6345 33027
6350 33048
6355 33069
6360 33090
6365 33111
6370 33132
6375 33153
6380 33174
6385 33201
6390 33222
6395 33243
6400 33270
6405 33291
6410 33312
6415 33333
6420 33354
6425 33375
6430 33396
6435 33418
6440 33439
6445 33459
6450 33481
6455 33502
6460 33523
6465 33544
6470 33565
6475 33586
6480 33607
6485 33628
6490 33649
6495 33670
6500 33691
6505 33712
6510 33733
6515 33754
6520 33775
6525 33796
6530 33817
6535 33838
6540 33859
6545 33880
6550 33901
6555 33922
6560 33943
6565 33964
6570 33985
6575 34006
6580 34027
6585 34048
6590 34069
6595 34090
6600 34111
6605 34132
6610 34159
6615 34180
6620 34207
6625 34228
6630 34250
6635 34271
6640 34292
6645 34312
6650 34333
6655 34355
6660 34376
6665 34397
6670 34418
6675 34439
6680 34460
6685 34481
6690 34502
6695 34523
6700 34544
6705 34571
6710 34592
6715 34613
6720 34634
6725 34655
6730 34882
6735 34904
6740 34925
6745 34946
6750 34967
6755 34989
6760 35010
6765 35031
6770 35052
6775 35073
6780 35094
6785 35115
6790 35136
6795 35157
6800 35179
6805 35200
6810 35221
6815 35242
6820 35263
6825 35284
6830 35306
6835 35327
6840 35348
6845 35369
6850 35390
6855 35411
6860 35432
6865 35453
6870 35474
6875 35496
6880 35517
6885 35538
6890 35559
6895 35580
6900 35601
6905 35622
6910 35643
6915 35664
6920 35686
6925 35707
6930 35728
6935 35749
6940 35770
6945 35791
6950 35813
6955 35834
6960 35855
6965 35876
6970 35897
6975 35918
6980 35949
6985 35982
6990 36002
6995 36023
7000 36043
7005 36063
7010 36083
7015 36104
7020 36124
7025 36144
7030 36165
7035 36185
7040 36205
7045 36226
7050 36246
7055 36266
7060 36286
7065 36306
7070 36327
7075 36347
7080 36367
7085 36387
7090 36413
7095 36434
7100 36454
7105 36474
7110 36494
7115 36515
7120 36535
7125 36555
7130 36576
7135 36596
7140 36616
7145 36636
7150 36657
7155 36683
7160 36703
7165 36723
7170 36744
7175 36764
7180 36784
7185 36804
7190 36825
7195 36845
7200 36865
7205 36885
7210 36906
7215 36926
7220 36946
7225 36966
7230 36987
7235 37007
7240 37027
7245 37048
7250 37068
7255 37088
7260 37108
7265 37129
7270 37149
7275 37169
7280 37195
7285 37215
7290 37236
7295 37256
7300 37276
7305 37297
7310 37317
7315 37338
7320 37358
7325 37378
7330 37398
7335 37419
7340 37439
7345 37459
7350 37480
7355 37500
7360 37520
7365 37540
7370 37561
7375 37581
7380 37601
7385 37621
7390 37642
7395 37662
7400 37682
7405 37703
7410 37723
7415 37743
7420 37764
7425 37784
7430 37804
7435 37825
7440 37845
7445 37865
7450 37885
7455 37906
7460 37926
7465 37946
7470 37967
7475 37987
7480 38007
7485 38027
7490 38048
7495 38068
7500 38088
7505 38109
7510 38129
7515 38149
7520 38169
7525 38190
7530 38210
7535 38230
7540 38251
7545 38271
7550 38291
7555 38311
7560 38332
7565 38352
7570 38372
7575 38392
7580 38412
7585 38433
7590 38453
7595 38473
7600 38499
7605 38520
7610 38540
7615 38560
7620 38581
7625 38601
7630 38621
7635 38641
7640 38672
7645 38692
7650 38713
7655 38733
7660 38753
7665 38773
7670 38794
7675 38814
7680 38834
7685 38855
7690 38875
7695 38895
7700 38916
7705 38936
7710 38956
7715 38977
7720 38997
7725 39017
7730 39038
7735 39058
7740 39078
7745 39098
7750 39118
7755 39139
7760 39165
7765 39185
7770 39205
7775 39225
7780 39246
7785 39270
7790 39291
7795 39311
7800 39331
7805 39352
7810 39372
7815 39392
7820 39412
7825 39432
7830 39453
7835 39473
7840 39499
7845 39519
7850 39540
7855 39560
7860 39580
7865 39600
7870 39620
7875 39641
7880 39661
7885 39681
7890 39701
7895 39721
7900 39742
7905 39762
7910 39782
7915 39803
7920 39823
7925 39843
7930 39864
7935 39884
7940 39904
7945 39924
7950 39945
7955 39965
7960 39985
7965 40005
7970 40026
7975 40046
7980 40066
7985 40086
7990 40107
7995 40127
8000 40147
8005 40167
8010 40188
8015 40208
8020 40228
8025 40248
8030 40268
8035 40289
8040 40309
8045 40329
8050 40349
8055 40369
8060 40390
8065 40410
8070 40430
8075 40450
8080 40471
8085 40491
8090 40511
8095 40537
8100 40557
8105 40577
8110 40598
8115 40618
8120 40638
8125 40658
8130 40679
8135 40699
8140 40719
8145 40739
8150 40760
8155 40780
8160 40800
8165 40820
8170 40841
8175 40861
8180 40881
8185 40901
8190 40922
8195 40942
8200 40962
8205 40982
8210 41002
8215 41023
8220 41043
8225 41063
8230 41083
8235 41103
8240 41124
8245 41144
8250 41164
8255 41184
8260 41205
8265 41225
8270 41245
8275 41265
8280 41286
8285 41312
8290 41332
8295 41352
8300 41372
8305 41392
8310 41413
8315 41433
8320 41453
8325 41473
8330 41494
8335 41520
8340 41540
8345 41560
8350 41580
8355 41601
8360 41621
8365 41641
8370 41661
8375 41682
8380 41702
8385 41722
8390 41742
8395 41763
8400 41783
8405 41803
8410 41823
8415 41844
8420 41864
8425 41884
8430 41904
8435 41924
8440 41945
8445 41965
8450 41985
8455 42005
8460 42025
8465 42046
8470 42066
8475 42086
8480 42106
8485 42126
8490 42147
8495 42167
8500 42187
8505 42208
8510 42228
8515 42248
8520 42268
8525 42288
8530 42309
8535 42329
8540 42349
8545 42375
8550 42395
8555 42415
8560 42436
8565 42456
8570 42476
8575 42497
8580 42517
8585 42537
8590 42557
8595 42577
8600 42604
8605 42625
8610 42645
8615 42665
8620 42685
8625 42706
8630 42726
8635 42746
8640 42766
8645 42787
8650 42807
8655 42827
8660 42847
8665 42868
8670 42888
8675 42929
8680 42949
8685 42970
8690 42990
8695 43010
8700 43031
8705 43051
8710 43071
8715 43092
8720 43112
8725 43132
8730 43152
8735 43173
8740 43193
8745 43213
8750 43233
8755 43253
8760 43273
8765 43294
8770 43314
8775 43334
8780 43354
8785 43375
8790 43395
8795 43415
8800 43435
8805 43456
8810 43476
8815 43496
8820 43516
8825 43537
8830 43557
8835 43577
8840 43597
8845 43618
8850 43638
8855 43658
8860 43678
8865 43699
8870 43719
8875 43739
8880 43759
8885 43779
8890 43800
8895 43820
8900 43840
8905 43860
8910 43880
8915 43901
8920 43921
8925 43941
8930 43961
8935 43982
8940 44002
8945 44022
8950 44042
8955 44062
8960 44083
8965 44103
8970 44123
8975 44143
8980 44163
8985 44184
8990 44204
8995 44224
9000 44244
9005 44265
9010 44285
9015 44305
9020 44326
9025 44346
9030 44366
9035 44386
9040 44406
9045 44426
9050 44447
9055 44467
9060 44487
9065 44507
9070 44533
9075 44553
9080 44573
9085 44594
9090 44614
9095 44634
9100 44654
9105 44674
9110 44695
9115 44715
9120 44735
9125 44755
9130 44776
9135 44796
9140 44816
9145 44836
9150 44857
9155 44877
9160 44897
9165 44923
9170 44943
9175 44963
9180 44984
9185 45004
9190 45024
9195 45044
9200 45064
9205 45085
9210 45105
9215 45125
9220 45145
9225 45166
9230 45186
9235 45206
9240 45226
9245 45247
9250 45267
9255 45287
9260 45307
9265 45327
9270 45348
9275 45368
9280 45388
9285 45409
9290 45429
9295 45449
9300 45469
9305 45489
9310 45510
9315 45530
9320 45550
9325 45570
9330 45591
9335 45611
9340 45631
9345 45651
9350 45672
9355 45692
9360 45712
9365 45732
9370 45752
9375 45773
9380 45793
9385 45813
9390 45833
9395 45854
9400 45874
9405 45894
9410 45914
9415 45943
9420 45975
9425 45994
9430 46014
9435 46034
9440 46053
9445 46073
9450 46093
9455 46112
9460 46132
9465 46152
9470 46171
9475 46191
9480 46210
9485 46230
9490 46249
9495 46269
9500 46294
9505 46325
9510 46344
9515 46364
9520 46384
9525 46404
9530 46423
9535 46443
9540 46496
9545 46515
9550 46535
9555 46554
9560 46574
9565 46594
9570 46613
9575 46633
9580 46653
9585 46672
9590 46692
9595 46712
9600 46731
9605 46751
9610 46771
9615 46790
9620 46810
9625 46830
9630 46849
9635 46869
9640 46889
9645 46908
9650 46928
9655 46948
9660 46967
9665 46987
9670 47007
9675 47026
9680 47046
9685 47066
9690 47085
9695 47105
9700 47125
9705 47144
9710 47164
9715 47183
9720 47203
9725 47223
9730 47242
9735 47262
9740 47282
9745 47301
9750 47321
9755 47341
9760 47360
9765 47380
9770 47400
9775 47419
9780 47439
9785 47459
9790 47478
9795 47498
9800 47518
9805 47537
9810 47557
9815 47576
9820 47596
9825 47616
9830 47635
9835 47655
9840 47675
9845 47694
9850 47714
9855 47734
9860 47753
9865 47773
9870 47792
9875 47812
9880 47832
9885 47851
9890 47871
9895 47891
9900 47910
9905 47930
9910 47950
9915 47969
9920 47989
9925 48009
9930 48028
9935 48048
9940 48068
9945 48087
9950 48107
9955 48126
9960 48146
9965 48165
9970 48185
9975 48205
9980 48224
9985 48244
9990 48264
9995 48283
10000 48303
10005 48323
