20 148
40 224
60 300
80 375
100 456
120 531
140 607
160 703
180 784
200 860
220 935
240 1011
260 1086
280 1161
300 1237
320 1312
340 1388
360 1463
380 1538
400 1614
420 1695
440 1770
460 1846
480 1921
500 1996
520 2071
540 2147
560 2222
580 2297
600 2373
620 2448
640 2523
660 2598
680 2679
700 2755
720 2830
740 2911
760 2986
780 3061
800 3136
820 3212
840 3287
860 3363
880 3438
900 3513
920 3589
940 3664
960 3739
980 3814
1000 3890
1020 3970
1040 4069
1060 4144
1080 4219
1100 4295
1120 4370
1140 4445
1160 4520
1180 4595
1200 4670
1220 4751
1240 4826
1260 4901
1280 4977
1300 5052
1320 5127
1340 5202
1360 5277
1380 5353
1400 5428
1420 5503
1440 5578
1460 5653
1480 5728
1500 5803
1520 5878
1540 5954
1560 6029
1580 6104
1600 6179
1620 6254
1640 6329
1660 6404
1680 6480
1700 6555
1720 6630
1740 6705
1760 6780
1780 6861
1800 6936
1820 7011
1840 7086
1860 7162
1880 7237
1900 7312
1920 7391
1940 7466
1960 7541
1980 7617
2000 7692
2020 7767
2040 7842
2060 7918
2080 7998
2100 8074
2120 8149
2140 8224
2160 8299
2180 8375
2200 8450
2220 8525
2240 8606
2260 8681
2280 8756
2300 8837
2320 8912
2340 9840
2360 9919
2380 9995
2400 10077
2420 10153
2440 10229
2460 10305
2480 10478
2500 10554
2520 10629
2540 10720
2560 10795
2580 10870
2600 10945
2620 11021
2640 11096
2660 11171
2680 11251
2700 11332
2720 11407
2740 11482
2760 11558
2780 11644
2800 11719
2820 11794
2840 11870
2860 11961
2880 12037
2900 12112
2920 12187
2940 12262
2960 12338
2980 12413
3000 12489
3020 12569
3040 12645
3060 12720
3080 12795
3100 12871
3120 12957
3140 13032
3160 13107
3180 13183
3200 13258
3220 13339
3240 13414
3260 13489
3280 13565
3300 13640
3320 13715
3340 13790
3360 13865
3380 13946
3400 14035
3420 14121
3440 14196
3460 14271
3480 14347
3500 14422
3520 14497
3540 14572
3560 14647
3580 14723
3600 14803
3620 14944
3640 15019
3660 15094
3680 15180
3700 15256
3720 15336
3740 15411
3760 15487
3780 15562
3800 15637
3820 15712
3840 15787
3860 15863
3880 15938
3900 16013
3920 16088
3940 16169
3960 16249
3980 16336
4000 16411
4020 16492
4040 16567
4060 16642
4080 16718
4100 16793
4120 16874
4140 16949
4160 17030
4180 17105
4200 17180
4220 17261
4240 17342
4260 17418
4280 17493
4300 17568
4320 17644
4340 17720
4360 17795
4380 17870
4400 17951
4420 18032
4440 18107
4460 18182
4480 18257
4500 18337
4520 18417
4540 18492
4560 18568
4580 18643
4600 18723
4620 18804
4640 18878
4660 18953
4680 19028
4700 19109
4720 19189
4740 19264
4760 19339
4780 19414
4800 19489
4820 19569
4840 19644
4860 19730
4880 19804
4900 19880
4920 19954
4940 20035
4960 20109
4980 20185
5000 20265
5020 20340
5040 20415
5060 20490
5080 20564
5100 20639
5120 20716
5140 20791
5160 20866
5180 20941
5200 21016
5220 21091
5240 21167
5260 21242
5280 21317
5300 21397
5320 21472
5340 21547
5360 21622
5380 21697
5400 21773
5420 21853
5440 21928
5460 22003
5480 22078
5500 22153
5520 22234
5540 22309
5560 22384
5580 22459
5600 22534
5620 22610
5640 22685
5660 22760
5680 22835
5700 23122
5720 23197
5740 23273
5760 23348
5780 23423
5800 23499
5820 23574
5840 23649
5860 23724
5880 23799
5900 23880
5920 23955
5940 24044
5960 24120
5980 24195
6000 24270
6020 24346
6040 24421
6060 24496
6080 24571
6100 24646
6120 24721
6140 24796
6160 24877
6180 24952
6200 26650
6220 26728
6240 26815
6260 26891
6280 26966
6300 27042
6320 27123
6340 27204
6360 27280
6380 27376
6400 27452
6420 27528
6440 27604
6460 27682
6480 27761
6500 27839
6520 27917
6540 27994
6560 28072
6580 28148
6600 28223
6620 28299
6640 28374
6660 28450
6680 28531
6700 28606
6720 28687
6740 28762
6760 28843
6780 28919
6800 28994
6820 29070
6840 29145
6860 29220
6880 29296
6900 29377
6920 29452
6940 29527
6960 29609
6980 29684
7000 29760
7020 29835
7040 29916
7060 29991
7080 30072
7100 30153
7120 30233
7140 30309
7160 30384
7180 30498
7200 30573
7220 30648
7240 30730
7260 30805
7280 30880
7300 30956
7320 31031
7340 31106
7360 31182
7380 31262
7400 31338
7420 31424
7440 31499
7460 31575
7480 31656
7500 31731
7520 31807
7540 31887
7560 31993
7580 32068
7600 32144
7620 32219
7640 32294
7660 32369
7680 32444
7700 32520
7720 32595
7740 32670
7760 32745
7780 32821
7800 32896
7820 32971
7840 33046
7860 33121
7880 33197
7900 33272
7920 33347
7940 33422
7960 33497
7980 33572
8000 33653
8020 33728
8040 33803
8060 33879
8080 33959
8100 34049
8120 34124
8140 34199
8160 34275
8180 34350
8200 34425
8220 34501
8240 34576
8260 34651
8280 34726
8300 34802
8320 34877
8340 34952
8360 35028
8380 35103
8400 35178
8420 35253
8440 35329
8460 35409
8480 35485
8500 35560
8520 35635
8540 35711
8560 35786
8580 35861
8600 35937
8620 36012
8640 36087
8660 36162
8680 36238
8700 36313
8720 36388
8740 36464
8760 36539
8780 36614
8800 36689
8820 36765
8840 36840
8860 36921
8880 37001
8900 37076
8920 37152
8940 37227
8960 37302
8980 37392
9000 37468
9020 37543
9040 37629
9060 37704
9080 37780
9100 37855
9120 37930
9140 38006
9160 38086
9180 38162
9200 38237
9220 38312
9240 38387
9260 38462
9280 38538
9300 38613
9320 38694
9340 38780
9360 38855
9380 38930
9400 39006
9420 39081
9440 39156
9460 39237
9480 39312
9500 39393
9520 39468
9540 39548
9560 39624
9580 39699
9600 39774
9620 39850
9640 39925
9660 40000
9680 40075
9700 40151
9720 40226
9740 40301
9760 40376
9780 40452
9800 40527
9820 40602
9840 40681
9860 40757
9880 40833
9900 40908
9920 40989
9940 41065
9960 41140
9980 41221
10000 41296
10020 41377
