5 4020
10 6543
15 9080
20 11690
25 15356
30 19258
35 21825
40 24350
45 27242
50 30325
55 32849
60 35365
65 37889
70 40408
75 43061
80 45589
85 48124
90 50661
95 53182
100 55705
105 58229
110 60752
115 63295
120 65811
125 68354
130 70871
135 73557
140 76070
145 78622
150 81126
155 83651
160 86173
165 88719
170 91236
175 93757
180 96280
185 98800
190 101325
195 103849
200 106379
205 108924
210 111441
215 113978
220 116505
225 119051
230 121578
235 124122
240 126649
245 129167
250 131653
255 135311
260 137825
265 140348
270 142855
275 145393
280 147925
285 150468
290 152995
295 155536
300 158058
305 160594
310 163123
315 165649
320 168176
325 170702
330 173214
335 175737
340 178259
345 180791
350 183316
355 185865
360 188372
365 190904
370 193421
375 195946
380 198466
385 200990
390 203500
395 206028
400 208556
405 211087
410 213614
415 216143
420 218656
425 221193
430 223710
435 226263
440 228778
445 231339
450 233859
455 236416
460 238944
465 241467
470 243979
475 246505
480 249032
485 251580
490 254108
495 256641
500 259157
505 261680
510 264189
515 266724
520 269254
525 271803
530 274332
535 276858
540 279392
545 281939
550 284450
555 286993
560 289522
565 292076
570 294603
575 297133
580 299670
585 302193
590 304733
595 307254
600 309782
605 312318
610 314826
615 317349
620 319862
625 322414
630 324935
635 327475
640 329981
645 332508
650 335024
655 337545
660 340061
665 342612
670 345127
675 347737
680 350251
685 352779
690 355289
695 357815
700 360328
705 362876
710 365390
715 367913
720 370423
725 372944
730 375480
735 378036
740 380563
745 383099
750 385625
755 388154
760 390676
765 393202
770 395730
775 398290
780 400811
785 403349
790 405855
795 408396
800 410916
805 413461
810 415984
815 418507
820 421036
825 423562
830 426096
835 428617
840 431132
845 433657
850 436174
855 438719
860 441232
865 443772
870 446301
875 448828
880 451343
885 453881
890 456391
895 458938
900 461457
905 463981
910 466507
915 469047
920 471568
925 474102
930 476632
935 479154
940 481682
945 484204
950 486731
955 489258
960 491768
965 494293
970 496807
975 499358
980 501870
985 504402
990 506931
995 509459
1000 511980
1005 514491
1010 517006
1015 519523
1020 522035
1025 524567
1030 527090
1035 529629
1040 532158
1045 534715
1050 537232
1055 539758
1060 542268
1065 544787
1070 547304
1075 549826
1080 552356
1085 554905
1090 557437
1095 559982
1100 562519
1105 565049
1110 567587
1115 570115
1120 572643
1125 575206
1130 577738
1135 580278
1140 582804
1145 585357
1150 587884
1155 590425
1160 592954
1165 595500
1170 598015
1175 600538
1180 603056
1185 607350
1190 610076
1195 612635
1200 615137
1205 617659
1210 620187
1215 622739
1220 625249
1225 627771
1230 630292
1235 632821
1240 635345
1245 637873
1250 640398
1255 642965
1260 645470
1265 648004
1270 650513
1275 653040
1280 655576
1285 658126
1290 660651
1295 663179
1300 665704
1305 668242
1310 670765
1315 673298
1320 675835
1325 678379
1330 680902
1335 683440
1340 685967
1345 688515
1350 691053
1355 693584
1360 696115
1365 698661
1370 701180
1375 703721
1380 706258
1385 708804
1390 711329
1395 713856
1400 716384
1405 718930
1410 721451
1415 723978
1420 726496
1425 729017
1430 731546
1435 734069
1440 736582
1445 739125
1450 741647
1455 744188
1460 746713
1465 749268
1470 751780
1475 754301
1480 756828
1485 759353
1490 761866
1495 764392
1500 766910
1505 769439
1510 771953
1515 774477
1520 776990
1525 779516
1530 782025
1535 784575
1540 787096
1545 789624
1550 792142
1555 794685
1560 797201
1565 799726
1570 802257
1575 804806
1580 807332
1585 809861
1590 812386
1595 814930
1600 817457
1605 819986
1610 822552
1615 825102
1620 827630
1625 830181
1630 832713
1635 835250
1640 837757
1645 840283
1650 842800
1655 845351
1660 847866
1665 850407
1670 852934
1675 855456
1680 857969
1685 860508
1690 863021
1695 865570
1700 868085
1705 870626
1710 873136
1715 875686
1720 878202
1725 883383
1730 886854
1735 889402
1740 892000
1745 894728
1750 897255
1755 899794
1760 902332
1765 904900
1770 907427
1775 909954
1780 912484
1785 915024
1790 917571
1795 920101
1800 922632
1805 925178
1810 927748
1815 930277
1820 932816
1825 935339
1830 937865
1835 940392
1840 942948
1845 945471
1850 948003
1855 950538
1860 953070
1865 955605
1870 958146
1875 960679
1880 963204
1885 965727
1890 968254
1895 970780
1900 973313
1905 975842
1910 978374
1915 980914
1920 983437
1925 985988
1930 988539
1935 991088
1940 993637
1945 996164
1950 998696
1955 1001229
1960 1003759
1965 1006313
1970 1008842
1975 1011490
1980 1014019
1985 1016559
1990 1019108
1995 1021650
2000 1024188
2005 1026718
2010 1029246
2015 1031779
2020 1034309
2025 1036839
2030 1039363
2035 1041889
2040 1044423
2045 1046955
2050 1049492
2055 1052016
2060 1054540
2065 1057070
2070 1059604
2075 1062135
2080 1064681
2085 1067230
2090 1069759
2095 1072461
2100 1074996
2105 1077537
2110 1080073
2115 1082607
2120 1085148
2125 1087694
2130 1090220
2135 1092767
2140 1095315
2145 1097849
2150 1100386
2155 1102933
2160 1105469
2165 1108014
2170 1110541
2175 1113070
2180 1115605
2185 1118132
2190 1120656
2195 1123190
2200 1125732
2205 1128278
2210 1130825
2215 1134251
2220 1136799
2225 1139322
2230 1141846
2235 1144376
2240 1146905
2245 1149433
2250 1151963
2255 1154491
2260 1157027
2265 1159561
2270 1162095
2275 1164637
2280 1167172
2285 1169697
2290 1172223
2295 1174762
2300 1177304
2305 1179841
2310 1182361
2315 1184890
2320 1187412
2325 1189939
2330 1192470
2335 1195009
2340 1197538
2345 1200093
2350 1202636
2355 1206787
2360 1209316
2365 1212033
2370 1214561
2375 1217089
2380 1219616
2385 1222156
2390 1224688
2395 1227238
2400 1229763
2405 1232294
2410 1234820
2415 1237358
2420 1239904
2425 1242467
2430 1245004
2435 1247560
2440 1250094
2445 1252640
2450 1255181
2455 1257725
2460 1260276
2465 1262830
2470 1265372
2475 1267921
2480 1270456
2485 1272989
2490 1275519
2495 1278052
2500 1280576
2505 1283110
2510 1285661
2515 1288203
2520 1290726
2525 1293280
2530 1295822
2535 1298344
2540 1300878
2545 1303405
2550 1305933
2555 1308467
2560 1311006
2565 1313539
2570 1316086
2575 1318621
2580 1321140
2585 1323684
2590 1326223
2595 1328764
2600 1331304
2605 1333861
2610 1336392
2615 1338933
2620 1341484
2625 1344026
2630 1346581
2635 1349278
2640 1351803
2645 1354342
2650 1356865
2655 1359396
2660 1361930
2665 1364458
2670 1367006
2675 1369542
2680 1372067
2685 1374611
2690 1377139
2695 1379689
2700 1382209
2705 1384750
2710 1387275
2715 1389804
2720 1392337
2725 1394878
2730 1397405
2735 1399938
2740 1402471
2745 1405008
2750 1407551
2755 1410097
2760 1412615
2765 1415161
2770 1417689
2775 1420236
2780 1422759
2785 1425279
2790 1427809
2795 1430340
2800 1432882
2805 1435415
2810 1437950
2815 1440484
2820 1443022
2825 1445559
2830 1448086
2835 1450620
2840 1453151
2845 1455675
2850 1458215
2855 1460745
2860 1463286
2865 1465827
2870 1468355
2875 1470888
2880 1473423
2885 1475955
2890 1478496
2895 1481041
2900 1483565
2905 1486097
2910 1488629
2915 1491170
2920 1493712
2925 1496238
2930 1498768
2935 1501296
2940 1503831
2945 1506367
2950 1508913
2955 1511451
2960 1513976
2965 1516504
2970 1519036
2975 1521576
2980 1524101
2985 1526657
2990 1529194
2995 1531725
3000 1534257
3005 1536790
3010 1539325
3015 1541848
3020 1544393
3025 1546944
3030 1549528
3035 1552059
3040 1554595
3045 1557125
3050 1559657
3055 1562193
3060 1564718
3065 1567245
3070 1569789
3075 1572318
3080 1574846
3085 1577391
3090 1579926
3095 1582455
3100 1584983
3105 1587512
3110 1590043
3115 1592568
3120 1595088
3125 1597634
3130 1600158
3135 1602692
3140 1605235
3145 1607787
3150 1610312
3155 1612843
3160 1615395
3165 1617941
3170 1620492
3175 1623046
3180 1625587
3185 1628130
3190 1630654
3195 1633188
3200 1635716
3205 1638248
3210 1640785
3215 1643317
3220 1645862
3225 1648389
3230 1650919
3235 1653456
3240 1655999
3245 1658534
3250 1661066
3255 1663595
3260 1666118
3265 1668654
3270 1671182
3275 1673719
3280 1676261
3285 1678785
3290 1681305
3295 1683853
3300 1686396
3305 1688933
3310 1691473
3315 1694012
3320 1696543
3325 1699082
3330 1701615
3335 1704144
3340 1706683
3345 1709223
3350 1711746
3355 1714309
3360 1716841
3365 1719365
3370 1721890
3375 1724422
3380 1726950
3385 1729497
3390 1732045
3395 1734574
3400 1737107
3405 1739632
3410 1742151
3415 1744693
3420 1747216
3425 1749770
3430 1752303
3435 1754838
3440 1757364
3445 1759898
3450 1762419
3455 1764968
3460 1767498
3465 1770028
3470 1772552
3475 1775094
3480 1777615
3485 1780166
3490 1782686
3495 1785213
3500 1787737
3505 1790262
3510 1792784
3515 1795307
3520 1797821
3525 1800346
3530 1802891
3535 1807149
3540 1809724
3545 1812447
3550 1814980
3555 1817507
3560 1820035
3565 1822672
3570 1825197
3575 1827721
3580 1830244
3585 1832770
3590 1835321
3595 1837867
3600 1840416
3605 1842960
3610 1845500
3615 1848035
3620 1850568
3625 1853101
3630 1855649
3635 1858192
3640 1860718
3645 1863254
3650 1865775
3655 1868335
3660 1870867
3665 1873404
3670 1875948
3675 1878484
3680 1881274
3685 1883811
3690 1886340
3695 1888872
3700 1891410
3705 1893941
3710 1896473
3715 1901895
3720 1905242
3725 1907767
3730 1910282
3735 1913071
3740 1915584
3745 1918141
3750 1920656
3755 1923180
3760 1925702
3765 1928229
3770 1930776
3775 1933331
3780 1935851
3785 1938407
3790 1940916
3795 1943449
3800 1945959
3805 1948485
3810 1951005
3815 1953536
3820 1956034
3825 1958562
3830 1961075
3835 1963600
3840 1966114
3845 1968659
3850 1971174
3855 1973712
3860 1976224
3865 1978783
3870 1981302
3875 1983824
3880 1986350
3885 1988876
3890 1991396
3895 1993919
3900 1996446
3905 1998994
3910 2001504
3915 2004029
3920 2006544
3925 2009194
3930 2011709
3935 2014232
3940 2016747
3945 2019297
3950 2021823
3955 2024352
3960 2026870
3965 2029399
3970 2031908
3975 2034417
3980 2036927
3985 2039452
3990 2041969
3995 2044491
4000 2047013
4005 2049551
4010 2052076
4015 2054608
4020 2057122
4025 2059673
4030 2062184
4035 2064708
4040 2067234
4045 2069760
4050 2072381
4055 2074919
4060 2077440
4065 2080022
4070 2082535
4075 2085063
4080 2087580
4085 2090121
4090 2092643
4095 2095164
4100 2097693
4105 2100220
4110 2102739
4115 2105260
4120 2107767
4125 2110293
4130 2112808
4135 2115357
4140 2117872
4145 2120410
4150 2122947
4155 2125489
4160 2128007
4165 2130532
4170 2133055
4175 2136511
4180 2139037
4185 2141574
4190 2144098
4195 2146634
4200 2149168
4205 2151733
4210 2154256
4215 2156805
4220 2159330
4225 2161863
4230 2164363
4235 2166902
4240 2169428
4245 2171949
4250 2174467
4255 2177014
4260 2179550
4265 2182093
4270 2184621
4275 2187130
4280 2189645
4285 2192182
4290 2194687
4295 2197212
4300 2199719
4305 2202256
4310 2204781
4315 2207318
4320 2209840
4325 2212389
4330 2214898
4335 2217420
4340 2219936
4345 2222486
4350 2224997
4355 2227530
4360 2230051
4365 2232584
4370 2235110
4375 2237647
4380 2240172
4385 2242723
4390 2245218
4395 2247739
4400 2250251
4405 2252789
4410 2255317
4415 2257857
4420 2260384
4425 2262923
4430 2265440
4435 2267980
4440 2270508
4445 2273045
4450 2275560
4455 2278087
4460 2280611
4465 2283136
4470 2285680
4475 2288229
4480 2290733
4485 2293264
4490 2295776
4495 2298323
4500 2300841
4505 2303362
4510 2305880
4515 2308400
4520 2310921
4525 2313442
4530 2315969
4535 2318493
4540 2321004
4545 2323549
4550 2326059
4555 2328570
4560 2331091
4565 2333614
4570 2336147
4575 2338678
4580 2341198
4585 2343719
4590 2346230
4595 2348826
4600 2351345
4605 2353864
4610 2356386
4615 2358944
4620 2361454
4625 2363978
4630 2366498
4635 2369035
4640 2371559
4645 2374092
4650 2376630
4655 2379164
4660 2381678
4665 2384214
4670 2386932
4675 2389498
4680 2392021
4685 2394552
4690 2397071
4695 2399600
4700 2402126
4705 2404666
4710 2409092
4715 2411626
4720 2414356
4725 2416899
4730 2419403
4735 2421942
4740 2424439
4745 2426980
4750 2429500
4755 2432017
4760 2434535
4765 2437053
4770 2439573
4775 2442118
4780 2444638
4785 2447180
4790 2449701
4795 2452249
4800 2454775
4805 2457310
4810 2460939
4815 2463470
4820 2465986
4825 2468538
4830 2471055
4835 2473577
4840 2476099
4845 2478618
4850 2481131
4855 2483651
4860 2486171
4865 2488691
4870 2491249
4875 2493771
4880 2496288
4885 2498838
4890 2501357
4895 2503894
4900 2506421
4905 2508949
4910 2511473
4915 2514003
4920 2516528
4925 2519087
4930 2521632
4935 2524151
4940 2526673
4945 2529224
4950 2531732
4955 2534266
4960 2536780
4965 2539306
4970 2541827
4975 2544347
4980 2546856
4985 2549405
4990 2551914
4995 2554440
5000 2556959
5005 2559494
5010 2562011
5015 2564528
5020 2567049
5025 2569576
5030 2572094
5035 2574614
5040 2577141
5045 2579665
5050 2582194
5055 2584730
5060 2587258
5065 2589796
5070 2592351
5075 2594879
5080 2597396
5085 2599950
5090 2602461
5095 2605011
5100 2607514
5105 2610048
5110 2612565
5115 2615088
5120 2617625
5125 2620156
5130 2622681
5135 2625209
5140 2627733
5145 2630256
5150 2632784
5155 2635314
5160 2637834
5165 2640375
5170 2642889
5175 2645411
5180 2647922
5185 2650449
5190 2652954
5195 2655505
5200 2658031
5205 2660574
5210 2663095
5215 2665619
5220 2668144
5225 2670665
5230 2673194
5235 2675745
5240 2678249
5245 2680772
5250 2683285
5255 2685820
5260 2688319
5265 2690852
5270 2693365
5275 2695932
5280 2698441
5285 2700965
5290 2703492
5295 2706028
5300 2708555
5305 2711082
5310 2713606
5315 2716129
5320 2718640
5325 2721164
5330 2723692
5335 2726225
5340 2728736
5345 2731259
5350 2733775
5355 2736299
5360 2738826
5365 2741377
5370 2743898
5375 2746421
5380 2748928
5385 2751482
5390 2754001
5395 2756532
5400 2759058
5405 2761605
5410 2764121
5415 2766668
5420 2769178
5425 2771738
5430 2774257
5435 2776782
5440 2779323
5445 2781848
5450 2784352
5455 2786884
5460 2789412
5465 2791958
5470 2794462
5475 2797024
5480 2799538
5485 2802085
5490 2804580
5495 2807101
5500 2809635
5505 2812155
5510 2814666
5515 2817196
5520 2819709
5525 2822284
5530 2824796
5535 2827310
5540 2829823
5545 2832374
5550 2834899
5555 2837434
5560 2839946
5565 2842470
5570 2844990
5575 2847513
5580 2850038
5585 2852564
5590 2855080
5595 2857602
5600 2860116
5605 2862637
5610 2865170
5615 2867688
5620 2870212
5625 2872739
5630 2875266
5635 2877791
5640 2882966
5645 2886619
5650 2889162
5655 2892071
5660 2894594
5665 2897369
5670 2899941
5675 2902472
5680 2905014
5685 2907549
5690 2910090
5695 2912625
5700 2915152
5705 2917700
5710 2920235
5715 2922774
5720 2925297
5725 2927841
5730 2930377
5735 2932915
5740 2935450
5745 2938000
5750 2940549
5755 2943083
5760 2945616
5765 2948150
5770 2950690
5775 2953256
5780 2955794
5785 2958662
5790 2961191
5795 2963726
5800 2966263
5805 2968814
5810 2971364
5815 2973918
5820 2976455
5825 2978999
5830 2981542
5835 2984080
5840 2986622
5845 2989157
5850 2991700
5855 2994231
5860 2996776
5865 2999327
5870 3001885
5875 3004422
5880 3007363
5885 3009965
5890 3012504
5895 3015057
5900 3018959
5905 3021513
5910 3024056
5915 3026589
5920 3029113
5925 3031875
5930 3034429
5935 3036965
5940 3039492
5945 3042019
5950 3044560
5955 3047099
5960 3049647
5965 3053369
5970 3055899
5975 3058448
5980 3060975
5985 3063509
5990 3066040
5995 3068576
6000 3071118
6005 3073789
6010 3076328
6015 3078866
6020 3081400
6025 3083935
6030 3086462
6035 3089005
6040 3091543
6045 3094073
6050 3096625
6055 3099169
6060 3101700
6065 3104275
6070 3106812
6075 3109343
6080 3111871
6085 3114411
6090 3116948
6095 3119505
6100 3122040
6105 3124594
6110 3127128
6115 3129662
6120 3132194
6125 3135663
6130 3138200
6135 3140731
6140 3143263
6145 3145801
6150 3148337
6155 3150870
6160 3153400
6165 3155938
6170 3158469
6175 3161014
6180 3163548
6185 3166091
6190 3168618
6195 3171160
6200 3173707
6205 3176246
6210 3178773
6215 3181304
6220 3183854
6225 3186385
6230 3188924
6235 3191455
6240 3194000
6245 3196532
6250 3199069
6255 3201605
6260 3204153
6265 3206718
6270 3209258
6275 3211805
6280 3214341
6285 3216875
6290 3219420
6295 3221955
6300 3224485
6305 3227022
6310 3229557
6315 3232084
6320 3234632
6325 3237188
6330 3239734
6335 3242283
6340 3244811
6345 3247342
6350 3249878
6355 3252408
6360 3254942
6365 3257479
6370 3260018
6375 3262549
6380 3265078
6385 3267622
6390 3270165
6395 3272696
6400 3275237
6405 3277784
6410 3280314
6415 3282854
6420 3285405
6425 3287964
6430 3290499
6435 3293028
6440 3295586
6445 3298120
6450 3300662
6455 3303193
6460 3305724
6465 3308266
6470 3310811
6475 3313346
6480 3315868
6485 3318407
6490 3320942
6495 3323494
6500 3326027
6505 3328585
6510 3331121
6515 3333672
6520 3336199
6525 3338723
6530 3341260
6535 3343801
6540 3346352
6545 3348950
6550 3351478
6555 3354007
6560 3356535
6565 3359071
6570 3361608
6575 3364144
6580 3366685
6585 3369240
6590 3371775
6595 3374306
6600 3376854
6605 3379383
6610 3381927
6615 3384466
6620 3387002
6625 3389549
6630 3392081
6635 3394613
6640 3397151
6645 3399691
6650 3402230
6655 3404761
6660 3407306
6665 3409864
6670 3412414
6675 3414950
6680 3417480
6685 3420012
6690 3422536
6695 3425086
6700 3427623
6705 3430176
6710 3432708
6715 3435242
6720 3437773
6725 3440314
6730 3442857
6735 3445424
6740 3447955
6745 3450485
6750 3453022
6755 3455555
6760 3458090
6765 3460621
6770 3463166
6775 3465718
6780 3468248
6785 3470784
6790 3473309
6795 3475859
6800 3478397
6805 3483244
6810 3488458
6815 3491004
6820 3493543
6825 3496093
6830 3498635
6835 3501176
6840 3503706
6845 3506275
6850 3508827
6855 3511373
6860 3513960
6865 3516497
6870 3519034
6875 3521572
6880 3524125
6885 3526669
6890 3529203
6895 3531748
6900 3534291
6905 3536836
6910 3539377
6915 3541908
6920 3544446
6925 3546992
6930 3549552
6935 3552101
6940 3554648
6945 3557182
6950 3559729
6955 3562268
6960 3564800
6965 3567334
6970 3569864
6975 3572408
6980 3574958
6985 3577494
6990 3580037
6995 3582590
7000 3585124
7005 3587680
7010 3590216
7015 3592756
7020 3595280
7025 3597821
7030 3600357
7035 3602897
7040 3605447
7045 3607988
7050 3612382
7055 3615146
7060 3617727
7065 3620264
7070 3622822
7075 3625348
7080 3627885
7085 3630438
7090 3632982
7095 3635553
7100 3639528
7105 3642063
7110 3644593
7115 3647128
7120 3649659
7125 3652202
7130 3654729
7135 3657265
7140 3659795
7145 3662361
7150 3664910
7155 3667457
7160 3670002
7165 3672541
7170 3675070
7175 3677611
7180 3680157
7185 3682692
7190 3685223
7195 3687762
7200 3690295
7205 3692831
7210 3695374
7215 3697920
7220 3700460
7225 3703002
7230 3705545
7235 3708087
7240 3710618
7245 3713152
7250 3715695
7255 3718285
7260 3720825
7265 3723359
7270 3725907
7275 3728454
7280 3730999
7285 3733545
7290 3736081
7295 3738635
7300 3741161
7305 3743711
7310 3746256
7315 3748785
7320 3751322
7325 3753857
7330 3756404
7335 3758947
7340 3761482
7345 3764018
7350 3766553
7355 3769085
7360 3771610
7365 3774142
7370 3776673
7375 3779216
7380 3781750
7385 3784290
7390 3786821
7395 3789375
7400 3791920
7405 3794461
7410 3796997
7415 3799542
7420 3802082
7425 3804649
7430 3807181
7435 3809714
7440 3812241
7445 3814768
7450 3817320
7455 3819856
7460 3822528
7465 3825078
7470 3827618
7475 3830153
7480 3832680
7485 3835231
7490 3837776
7495 3840313
7500 3842850
7505 3845374
7510 3847909
7515 3850440
7520 3852972
7525 3855512
7530 3858045
7535 3860579
7540 3863106
7545 3865700
7550 3868242
7555 3870787
7560 3873323
7565 3875860
7570 3878389
7575 3883615
7580 3887093
7585 3889618
7590 3892135
7595 3894661
7600 3897193
7605 3899966
7610 3902502
7615 3905029
7620 3907566
7625 3910093
7630 3912614
7635 3915146
7640 3917669
7645 3920207
7650 3922736
7655 3925311
7660 3927851
7665 3930391
7670 3932916
7675 3935442
7680 3937975
7685 3940505
7690 3943031
7695 3945551
7700 3948088
7705 3950626
7710 3953162
7715 3955685
7720 3958214
7725 3960748
7730 3963376
7735 3965899
7740 3968433
7745 3970969
7750 3973505
7755 3976037
7760 3978581
7765 3981104
7770 3983627
7775 3986151
7780 3988682
7785 3991205
7790 3993737
7795 3996275
7800 3998805
7805 4001344
7810 4003866
7815 4006412
7820 4009063
7825 4011591
7830 4014117
7835 4016649
7840 4019188
7845 4021728
7850 4024260
7855 4026840
7860 4029372
7865 4031893
7870 4034409
7875 4036936
7880 4039491
7885 4042022
7890 4044556
7895 4047095
7900 4049624
7905 4052149
7910 4054996
7915 4057541
7920 4060084
7925 4062614
7930 4065159
7935 4067711
7940 4070247
7945 4072934
7950 4075460
7955 4078011
7960 4080541
7965 4083078
7970 4085599
7975 4088145
7980 4090670
7985 4093204
7990 4095728
7995 4098265
8000 4100783
8005 4103315
8010 4105834
8015 4108361
8020 4110889
8025 4113419
8030 4115945
8035 4118484
8040 4121025
8045 4123559
8050 4126084
8055 4128649
8060 4131170
8065 4133698
8070 4137176
8075 4139707
8080 4142257
8085 4144795
8090 4147320
8095 4149851
8100 4152391
8105 4154925
8110 4157447
8115 4159994
8120 4162521
8125 4165061
8130 4167589
8135 4170136
8140 4172657
8145 4175195
8150 4177735
8155 4180266
8160 4182789
8165 4185311
8170 4187835
8175 4190388
8180 4192931
8185 4195452
8190 4197992
8195 4200517
8200 4203073
8205 4205605
8210 4208121
8215 4212220
8220 4215013
8225 4217558
8230 4220090
8235 4222616
8240 4225172
8245 4227695
8250 4230276
8255 4232803
8260 4235331
8265 4237874
8270 4240402
8275 4242937
8280 4245473
8285 4248029
8290 4250566
8295 4253091
8300 4255634
8305 4258161
8310 4260687
8315 4263234
8320 4265747
8325 4268273
8330 4270796
8335 4273317
8340 4275841
8345 4278372
8350 4280914
8355 4283440
8360 4285967
8365 4288496
8370 4291021
8375 4293569
8380 4296097
8385 4298617
8390 4301151
8395 4303681
8400 4306228
8405 4308763
8410 4311289
8415 4313831
8420 4316369
8425 4318905
8430 4321430
8435 4323963
8440 4326488
8445 4329019
8450 4331538
8455 4334097
8460 4336623
8465 4339157
8470 4341684
8475 4344236
8480 4346980
8485 4349508
8490 4352025
8495 4354549
8500 4357074
8505 4359619
8510 4362150
8515 4364693
8520 4367225
8525 4369754
8530 4372284
8535 4374824
8540 4377375
8545 4379904
8550 4382439
8555 4384978
8560 4387545
8565 4390074
8570 4392585
8575 4395110
8580 4397646
8585 4400174
8590 4402692
8595 4405226
8600 4407738
8605 4410273
8610 4412801
8615 4415335
8620 4417862
8625 4420411
8630 4422946
8635 4425470
8640 4427993
8645 4430520
8650 4433050
8655 4435624
8660 4438146
8665 4440671
8670 4443219
8675 4445744
8680 4448261
8685 4450790
8690 4453330
8695 4455853
8700 4458374
8705 4460922
8710 4463471
8715 4465995
8720 4468539
8725 4471071
8730 4473596
8735 4476122
8740 4478652
8745 4481183
8750 4483714
8755 4486243
8760 4488762
8765 4491294
8770 4493816
8775 4496371
8780 4498894
8785 4501429
8790 4503957
8795 4506505
8800 4509032
8805 4511568
8810 4514086
8815 4516643
8820 4519178
8825 4521710
8830 4524236
8835 4526780
8840 4529297
8845 4531830
8850 4534355
8855 4536891
8860 4539460
8865 4541984
8870 4544516
8875 4547041
8880 4549568
8885 4552104
8890 4554640
8895 4557181
8900 4559721
8905 4562255
8910 4564773
8915 4567297
8920 4569841
8925 4572384
8930 4574913
8935 4577460
8940 4579988
8945 4582510
8950 4585028
8955 4587557
8960 4590079
8965 4592602
8970 4595119
8975 4597655
8980 4600189
8985 4602711
8990 4605229
8995 4607782
9000 4610311
9005 4612834
9010 4615349
9015 4617873
9020 4620400
9025 4622928
9030 4625469
9035 4628009
9040 4630546
9045 4633074
9050 4635600
9055 4638167
9060 4640735
9065 4643270
9070 4645788
9075 4648313
9080 4650847
9085 4653374
9090 4655891
9095 4658425
9100 4660960
9105 4663508
9110 4666050
9115 4668557
9120 4671080
9125 4673611
9130 4676132
9135 4678659
9140 4681182
9145 4683709
9150 4686248
9155 4688769
9160 4691301
9165 4693832
9170 4696349
9175 4698893
9180 4701419
9185 4703959
9190 4706597
9195 4710856
9200 4713386
9205 4715906
9210 4718424
9215 4720958
9220 4723490
9225 4726012
9230 4728559
9235 4731106
9240 4733635
9245 4736161
9250 4738700
9255 4741222
9260 4743794
9265 4746329
9270 4748863
9275 4751395
9280 4753915
9285 4756449
9290 4758967
9295 4761509
9300 4764045
9305 4766580
9310 4769095
9315 4771632
9320 4774163
9325 4776684
9330 4779220
9335 4781768
9340 4784300
9345 4786847
9350 4789371
9355 4791904
9360 4794427
9365 4796967
9370 4799512
9375 4802041
9380 4804560
9385 4807088
9390 4809641
9395 4814046
9400 4816819
9405 4819344
9410 4822017
9415 4824577
9420 4827114
9425 4829640
9430 4832157
9435 4834701
9440 4837229
9445 4839758
9450 4842280
9455 4844860
9460 4847400
9465 4849926
9470 4852454
9475 4854983
9480 4857504
9485 4860030
9490 4862560
9495 4865150
9500 4867684
9505 4870214
9510 4872737
9515 4875273
9520 4877795
9525 4880631
9530 4883185
9535 4888598
9540 4891224
9545 4893764
9550 4896283
9555 4899075
9560 4901583
9565 4904122
9570 4906647
9575 4909168
9580 4911693
9585 4914218
9590 4916726
9595 4919260
9600 4921780
9605 4924306
9610 4926825
9615 4929348
9620 4931869
9625 4934388
9630 4936905
9635 4939444
9640 4941959
9645 4944491
9650 4947009
9655 4949576
9660 4952103
9665 4954629
9670 4957482
9675 4960015
9680 4962529
9685 4965076
9690 4967600
9695 4970121
9700 4972647
9705 4975174
9710 4978303
9715 4980828
9720 4983345
9725 4985874
9730 4988387
9735 4990915
9740 4993432
9745 4995982
9750 4998499
9755 5001026
9760 5003556
9765 5006078
9770 5008606
9775 5011199
9780 5013721
9785 5016249
9790 5018773
9795 5021297
9800 5023823
9805 5026371
9810 5028890
9815 5031416
9820 5033947
9825 5036499
9830 5039029
9835 5041574
9840 5044103
9845 5046630
9850 5049164
9855 5051713
9860 5054238
9865 5056763
9870 5059297
9875 5061823
9880 5064340
9885 5066865
9890 5069398
9895 5071926
9900 5074560
9905 5077099
9910 5079627
9915 5082163
9920 5084682
9925 5087243
9930 5089755
9935 5092283
9940 5094803
9945 5097332
9950 5099856
9955 5102405
9960 5104920
9965 5107456
9970 5109975
9975 5112522
9980 5115006
9985 5117535
9990 5120063
9995 5122605
10000 5125133
10005 5127660
